

Please enter the lowest student number in your group: 


Units for the values: V, mA, kOhm, mS and uF


Values:  R1 = 1.02604398505 
R2 = 2.03674964113 
R3 = 3.09851037606 
R4 = 4.10284190715 
R5 = 3.13763431318 
R6 = 2.01979218864 
R7 = 1.03837216927 
Vs = 5.23334661904 
C = 1.0462067838 
Kb = 7.03552682478 
Kd = 8.12635172903 



